[header]
width=10
height=10
tilewidth=30
tileheight=30

[tilesets]
tileset=../../../sfml_sneaky/media_src/Wang2Edge.png,30,30,0,0
tileset=../../../sfml_sneaky/media_src/Wang2Corner.png,30,30,0,0

[layer]
type=Level1
data=
2,15,15,15,15,15,15,15,15,4,
5,13,13,13,13,13,13,13,13,5,
5,13,2,16,13,13,14,4,13,5,
5,13,5,13,13,13,13,9,13,5,
5,13,5,13,13,1,13,13,13,5,
5,13,5,13,14,7,15,15,16,5,
5,13,5,13,13,9,13,13,13,5,
5,13,5,13,13,13,13,1,13,5,
5,13,10,15,15,15,15,12,13,5,
10,15,15,15,15,15,15,15,15,12

[layer]
type=Level1_o
data=
0,0,0,0,0,0,0,0,0,0,
0,18,0,0,0,0,0,0,18,0,
0,0,0,0,17,0,0,0,0,0,
0,18,0,0,0,0,0,0,18,0,
0,0,0,18,0,0,18,0,0,0,
0,18,0,0,0,0,0,0,0,0,
0,0,0,0,0,0,0,0,18,0,
0,18,0,0,18,0,0,0,0,0,
0,0,0,0,0,0,0,0,0,0,
0,0,0,0,0,0,0,0,0,0

